17.8473056775
14.8340474389
12.6034677081
10.9344146832
9.6728192394
8.71025988489
7.96961629035
7.39541713195
6.94730679828
6.59559229625
6.31818398062
6.09847525119
5.92385876681
5.78467725192
5.67347344188
5.58444779434
5.5130619299
5.45574537102
5.40967631552
5.3726160754
5.34278286067
5.31875473201
5.2993944104
5.28379062982
5.27121212722
5.26107136671
5.25289581795
5.24630513469
5.24099296786
5.23671243626
5.2332644958
5.23048861335
5.22825527855
5.22645998435
5.22501838401
5.22386239164
5.22293704057
5.22219795102
5.22160928816
5.22114211492
5.22077306308
5.2204832607
5.22025746653
5.22008337113
5.21995103271
5.21985242157
